6.283185307179586232e+00 9.708148771402527188e+00 3.522405311814509332e-01 1.800000000000000000e+01
1.256637061435917246e+01 1.254271187618355299e+01 3.918804007116705179e-01 6.200000000000000000e+01
1.884955592153875870e+01 1.132240898360214487e+01 2.485151124565163627e-01 9.800000000000000000e+01
2.513274122871834493e+01 6.011927344492818293e+00 1.590535748819092987e-01 2.100000000000000000e+02
3.141592653589793116e+01 3.557929190883209358e+00 1.004050913343235152e-01 3.500000000000000000e+02
3.769911184307751739e+01 2.337013950080681468e+00 5.888459834523018799e-02 4.500000000000000000e+02
4.398229715025710362e+01 1.740239464441776240e+00 4.309628391797559743e-02 6.020000000000000000e+02
5.026548245743668986e+01 1.313263535269477700e+00 3.151790064964643534e-02 7.620000000000000000e+02
5.654866776461627609e+01 9.668366517085719147e-01 2.747670113728872821e-02 1.142000000000000000e+03
6.283185307179586232e+01 8.138450317373577825e-01 2.050605551903572632e-02 1.250000000000000000e+03
6.911503837897544145e+01 6.756531749609672177e-01 1.641067235897253340e-02 1.458000000000000000e+03
7.539822368615503478e+01 5.198240339302312440e-01 1.319962353790060661e-02 1.814000000000000000e+03
8.168140899333462812e+01 4.363251262898316662e-01 1.133474601692796568e-02 2.178000000000000000e+03
8.796459430051422146e+01 3.766666958880174887e-01 9.676626633563500945e-03 2.498000000000000000e+03
9.424777960769378637e+01 3.400614480140722873e-01 7.987998382521510621e-03 2.622000000000000000e+03
1.005309649148733797e+02 2.748122412604920295e-01 7.222920593036974424e-03 3.338000000000000000e+03
1.068141502220529730e+02 2.515876471805199022e-01 6.531279042579996030e-03 3.722000000000000000e+03
1.130973355292325664e+02 2.250176685007740929e-01 5.837650154158602334e-03 4.170000000000000000e+03
1.193805208364121313e+02 2.082970845215099120e-01 5.068665302578878595e-03 4.358000000000000000e+03
1.256637061435917246e+02 1.804637625436646686e-01 4.577977216978723618e-03 5.034000000000000000e+03
1.319468914507713180e+02 1.579522986008588536e-01 4.125323361620303331e-03 5.714000000000000000e+03
1.382300767579509113e+02 1.437762688444662318e-01 3.581942874063770432e-03 5.982000000000000000e+03
1.445132620651304762e+02 1.328491310077671850e-01 3.342019389085848502e-03 6.602000000000000000e+03
1.507964473723100696e+02 1.236507785741445403e-01 3.085277989876900051e-03 7.130000000000000000e+03
1.570796326794896629e+02 1.119576846668440956e-01 2.900922441890330106e-03 8.034000000000000000e+03
1.633628179866692562e+02 1.020738945014077470e-01 2.619387375945692042e-03 8.606000000000000000e+03
1.696460032938488496e+02 9.518163804470448908e-02 2.386007257127342740e-03 9.066000000000000000e+03
1.759291886010284145e+02 8.763385502956515249e-02 2.244568122677481625e-03 9.962000000000000000e+03
1.822123739082080078e+02 8.244932777613055153e-02 2.084846007077256758e-03 1.055000000000000000e+04
1.884955592153876012e+02 7.714767339853897954e-02 1.939705337956842968e-03 1.122600000000000000e+04
1.947787445225671661e+02 7.073576925329454201e-02 1.802102002409378123e-03 1.214600000000000000e+04
2.010619298297467594e+02 6.651006675314649619e-02 1.650422475073021200e-03 1.260600000000000000e+04
2.073451151369263528e+02 6.120184267764541830e-02 1.563540160140097779e-03 1.380200000000000000e+04
2.136283004441059461e+02 5.776668542474627105e-02 1.486140238807276415e-03 1.475400000000000000e+04
2.199114857512855394e+02 5.550968163803491479e-02 1.387826478477960368e-03 1.519400000000000000e+04
2.261946710584651044e+02 5.157144911501208157e-02 1.319794230759008258e-03 1.645400000000000000e+04
2.324778563656446977e+02 4.970323662133424580e-02 1.255385266361153107e-03 1.715400000000000000e+04
2.387610416728242910e+02 4.697525233456034677e-02 1.197776480380385866e-03 1.826600000000000000e+04
2.450442269800038559e+02 4.517018682120396006e-02 1.122417279661391820e-03 1.875000000000000000e+04
2.513274122871834493e+02 4.215948994216408424e-02 1.074700646860965447e-03 2.023400000000000000e+04
2.576105975943630142e+02 4.001462592352580949e-02 1.029221248159573054e-03 2.145000000000000000e+04
2.638937829015425791e+02 3.854923099363614242e-02 9.674297189091740634e-04 2.196200000000000000e+04
2.701769682087222009e+02 3.618377101197919193e-02 9.254913092086036741e-04 2.346200000000000000e+04
2.764601535159017658e+02 3.501812424511974858e-02 8.765738656745791779e-04 2.404200000000000000e+04
2.827433388230813307e+02 3.307096362028740660e-02 8.541273625624623556e-04 2.594600000000000000e+04
2.890265241302609525e+02 3.253684394512381534e-02 8.095246504251640829e-04 2.611800000000000000e+04
2.953097094374405174e+02 3.107154398367708431e-02 7.798749242752811561e-04 2.750600000000000000e+04
3.015928947446201391e+02 2.956878479810207128e-02 7.519114014703232041e-04 2.906600000000000000e+04
3.078760800517997041e+02 2.820350865216528918e-02 7.209890620227255020e-04 3.045000000000000000e+04
3.141592653589792690e+02 2.684118894038446321e-02 6.869520550068231035e-04 3.174200000000000000e+04
3.204424506661588907e+02 2.615214410981609588e-02 6.536226099186914773e-04 3.225000000000000000e+04
3.267256359733384556e+02 2.484293281862597763e-02 6.342889604599444286e-04 3.425000000000000000e+04
3.330088212805180774e+02 2.406842044941726044e-02 6.123383927900682977e-04 3.545400000000000000e+04
3.392920065876976423e+02 2.343501573187701734e-02 5.902214422494611590e-04 3.643400000000000000e+04
3.455751918948772072e+02 2.257965001490750898e-02 5.669648979227670527e-04 3.768200000000000000e+04
3.518583772020568290e+02 2.154736492425881472e-02 5.442203194999106763e-04 3.929400000000000000e+04
3.581415625092363939e+02 2.064880662454285018e-02 5.306994602065906452e-04 4.142600000000000000e+04
3.644247478164159588e+02 2.014898235864827705e-02 5.078772346817916894e-04 4.206600000000000000e+04
3.707079331235955806e+02 1.961967663933369618e-02 4.940917801952993127e-04 4.349000000000000000e+04
3.769911184307751455e+02 1.888190793008744095e-02 4.831800340863723342e-04 4.570200000000000000e+04
3.832743037379547104e+02 1.846166721386762952e-02 4.663847226469841623e-04 4.663400000000000000e+04
3.895574890451343322e+02 1.781676603011157073e-02 4.536291048563567685e-04 4.855400000000000000e+04
3.958406743523138971e+02 1.753931826319505768e-02 4.353157175550625979e-04 4.887000000000000000e+04
4.021238596594935188e+02 1.674283052973879471e-02 4.247776909886424868e-04 5.155400000000000000e+04
4.084070449666730838e+02 1.608513839944339038e-02 4.150930571446276307e-04 5.409000000000000000e+04
4.146902302738526487e+02 1.592338686263241460e-02 4.002116832039770422e-04 5.431400000000000000e+04
4.209734155810322704e+02 1.539189055931081129e-02 3.933338709747324913e-04 5.691000000000000000e+04
4.272566008882118354e+02 1.520792087636153173e-02 3.810783608681478363e-04 5.748200000000000000e+04
4.335397861953914571e+02 1.450306335767626714e-02 3.722638608171513486e-04 6.062600000000000000e+04
4.398229715025710220e+02 1.417507394383062981e-02 3.569058366497401824e-04 6.120600000000000000e+04
4.461061568097505869e+02 1.393126370129789925e-02 3.485542397241581103e-04 6.257000000000000000e+04
4.523893421169302087e+02 1.345752151347916030e-02 3.439490556945146160e-04 6.573000000000000000e+04
4.586725274241097736e+02 1.329132156200747185e-02 3.352644555100758872e-04 6.668600000000000000e+04
4.649557127312893385e+02 1.283461739687847235e-02 3.292836769560603116e-04 6.969800000000000000e+04
4.712388980384689603e+02 1.267812487386157233e-02 3.181428864194035810e-04 7.002600000000000000e+04
4.775220833456485252e+02 1.225989041072952750e-02 3.112425186511669217e-04 7.274600000000000000e+04
4.838052686528280901e+02 1.193343428000372478e-02 3.039164388292381336e-04 7.491000000000000000e+04
4.900884539600077119e+02 1.175517441487018006e-02 2.949119340942274459e-04 7.572200000000000000e+04
4.963716392671872768e+02 1.143548306678492457e-02 2.894842293743316031e-04 7.837800000000000000e+04
5.026548245743668986e+02 1.124399787108645334e-02 2.834157602151221589e-04 8.003000000000000000e+04
5.089380098815464635e+02 1.088631293868925348e-02 2.782219676150943233e-04 8.318600000000000000e+04
5.152211951887260284e+02 1.066300470866154114e-02 2.706395967747854403e-04 8.466600000000000000e+04
5.215043804959055933e+02 1.045203039492445182e-02 2.646804588592177598e-04 8.654600000000000000e+04
5.277875658030852719e+02 1.027055187107150241e-02 2.585884295780993547e-04 8.813400000000000000e+04
5.340707511102648368e+02 9.989983730894465633e-03 2.551283663456138662e-04 9.153800000000000000e+04
5.403539364174444017e+02 9.874742194558343983e-03 2.506606553074330890e-04 9.313800000000000000e+04
5.466371217246239667e+02 9.706844481864646337e-03 2.442309264010511516e-04 9.447800000000000000e+04
5.529203070318035316e+02 9.453171307092710432e-03 2.393532660311115112e-04 9.727400000000000000e+04
5.592034923389830965e+02 9.302649434014282487e-03 2.359981709329772581e-04 9.969000000000000000e+04
5.654866776461627751e+02 9.096033139568502485e-03 2.322215097066981926e-04 1.025900000000000000e+05
5.717698629533423400e+02 8.929295521754065587e-03 2.255467782082964945e-04 1.037700000000000000e+05
5.780530482605219049e+02 8.737251665630154859e-03 2.212843749532789062e-04 1.063460000000000000e+05
5.843362335677014698e+02 8.597566904313350827e-03 2.174973101366495243e-04 1.085460000000000000e+05
5.906194188748810348e+02 8.429017916613006436e-03 2.129125592337521855e-04 1.107260000000000000e+05
5.969026041820607134e+02 8.328712169223775885e-03 2.089420590397905730e-04 1.123220000000000000e+05
6.031857894892402783e+02 8.153634099091013054e-03 2.066736522860768144e-04 1.158900000000000000e+05
6.094689747964198432e+02 7.982109977022479666e-03 2.030938477725618974e-04 1.187660000000000000e+05
6.157521601035994081e+02 7.777176882130205048e-03 1.996271374654634556e-04 1.222980000000000000e+05
6.220353454107789730e+02 7.772043922382234141e-03 1.951530531109080258e-04 1.220900000000000000e+05
6.283185307179586516e+02 7.605921173935051120e-03 1.928845231804199312e-04 1.258100000000000000e+05
6.346017160251382165e+02 7.478631423967775291e-03 1.894366169459538174e-04 1.281900000000000000e+05
6.408849013323177815e+02 7.362336297917834206e-03 1.868517247183010266e-04 1.309940000000000000e+05
6.471680866394973464e+02 7.272568781698061403e-03 1.847764634669291084e-04 1.337220000000000000e+05
6.534512719466769113e+02 7.255856501862776795e-03 1.810454324217003474e-04 1.338860000000000000e+05
6.597344572538565899e+02 6.981697461593445141e-03 1.793934555399112618e-04 1.405380000000000000e+05
6.660176425610361548e+02 6.933828198343625765e-03 1.748874045741921623e-04 1.405940000000000000e+05
6.723008278682157197e+02 6.828627827269259480e-03 1.726364834255811331e-04 1.435940000000000000e+05
6.785840131753952846e+02 6.734635989358068661e-03 1.702828951509471889e-04 1.463100000000000000e+05
6.848671984825748495e+02 6.567462081201336926e-03 1.678587997208380589e-04 1.506500000000000000e+05
6.911503837897544145e+02 6.476756063733014705e-03 1.639080820533267424e-04 1.519140000000000000e+05
6.974335690969340931e+02 6.436552679055403819e-03 1.615315896526803296e-04 1.533980000000000000e+05
7.037167544041136580e+02 6.315308690882760236e-03 1.602055445612537987e-04 1.578660000000000000e+05
7.099999397112932229e+02 6.213930217863037828e-03 1.575949295267442540e-04 1.606580000000000000e+05
7.162831250184727878e+02 6.114861132382980527e-03 1.556399810934694372e-04 1.641020000000000000e+05
7.225663103256523527e+02 6.072097101618520280e-03 1.527008933734086416e-04 1.649940000000000000e+05
7.288494956328320313e+02 5.948430726176733539e-03 1.513499843161791869e-04 1.698500000000000000e+05
7.351326809400115962e+02 5.881405691195718856e-03 1.498134377126147943e-04 1.729860000000000000e+05
7.414158662471911612e+02 5.853589285712598733e-03 1.473578339897807510e-04 1.738940000000000000e+05
7.476990515543707261e+02 5.743568903266493830e-03 1.445261813993181654e-04 1.767780000000000000e+05
7.539822368615502910e+02 5.603230063551341116e-03 1.425952366599370080e-04 1.818020000000000000e+05
7.602654221687298559e+02 5.563207853843602294e-03 1.412591248569627922e-04 1.844300000000000000e+05
7.665486074759095345e+02 5.512012041632493621e-03 1.397732832912612633e-04 1.872420000000000000e+05
7.728317927830890994e+02 5.430629897511357954e-03 1.376559690501599764e-04 1.902500000000000000e+05
7.791149780902686643e+02 5.360632902155192288e-03 1.353292662077953956e-04 1.925700000000000000e+05
7.853981633974482293e+02 5.273636475911851543e-03 1.348784359599952687e-04 1.982540000000000000e+05
7.916813487046277942e+02 5.275758157144844196e-03 1.326788382520760479e-04 1.980740000000000000e+05
7.979645340118074728e+02 5.208564671501945791e-03 1.315224447654139706e-04 2.020500000000000000e+05
8.042477193189870377e+02 5.138008577420408694e-03 1.299036451755941624e-04 2.055020000000000000e+05
8.105309046261666026e+02 5.040238098198871614e-03 1.286164388620281152e-04 2.106660000000000000e+05
8.168140899333461675e+02 4.999200127820083162e-03 1.266636179425850717e-04 2.124260000000000000e+05
8.230972752405257324e+02 4.963036190606172869e-03 1.247046304176657738e-04 2.139180000000000000e+05
8.293804605477054110e+02 4.855695554047084403e-03 1.241407797055449347e-04 2.209940000000000000e+05
8.356636458548849760e+02 4.832400540137771899e-03 1.219851333501553725e-04 2.215220000000000000e+05
8.419468311620645409e+02 4.755982477438095747e-03 1.208293583047082009e-04 2.263140000000000000e+05
8.482300164692441058e+02 4.732679470787510591e-03 1.189756061068802939e-04 2.272940000000000000e+05
8.545132017764236707e+02 4.660890877584278683e-03 1.183331985927238428e-04 2.329620000000000000e+05
8.607963870836033493e+02 4.597312308743864775e-03 1.174188966288347569e-04 2.378180000000000000e+05
8.670795723907829142e+02 4.574820213808099105e-03 1.154380190339920897e-04 2.383980000000000000e+05
8.733627576979624791e+02 4.526160597065538062e-03 1.139988331299857105e-04 2.414180000000000000e+05
8.796459430051420441e+02 4.448146372114749648e-03 1.129094330230839827e-04 2.468180000000000000e+05
8.859291283123216090e+02 4.421678886818220487e-03 1.120356032781877342e-04 2.499060000000000000e+05
8.922123136195011739e+02 4.370196501608835001e-03 1.112722912146313359e-04 2.547020000000000000e+05
8.984954989266808525e+02 4.363087925451620587e-03 1.094208599527468628e-04 2.544180000000000000e+05
9.047786842338604174e+02 4.293411575105200891e-03 1.086606234040055075e-04 2.603540000000000000e+05
9.110618695410399823e+02 4.254181333709382284e-03 1.080721158682185212e-04 2.649740000000000000e+05
9.173450548482195472e+02 4.216876198421982448e-03 1.071565596456047764e-04 2.687220000000000000e+05
9.236282401553991122e+02 4.184222101829240814e-03 1.059935547316481763e-04 2.715620000000000000e+05
9.299114254625787908e+02 4.138285603577906632e-03 1.049505164212038988e-04 2.755860000000000000e+05
9.361946107697583557e+02 4.086383181656485716e-03 1.039560051169508004e-04 2.801900000000000000e+05
9.424777960769379206e+02 4.062728154313719614e-03 1.029431043058637307e-04 2.828340000000000000e+05
9.487609813841174855e+02 4.049451576924859367e-03 1.020884359805573904e-04 2.851700000000000000e+05
9.550441666912970504e+02 4.012972020039765053e-03 1.014931184499801020e-04 2.898860000000000000e+05
9.613273519984766153e+02 3.964816294623431901e-03 1.005350649501968174e-04 2.944740000000000000e+05
9.676105373056562939e+02 3.904967245174282859e-03 9.940318033005435261e-05 2.994980000000000000e+05
9.738937226128358589e+02 3.906996989144488792e-03 9.832648828961287890e-05 2.999580000000000000e+05
9.801769079200154238e+02 3.874310691543324942e-03 9.815117249142857325e-05 3.058580000000000000e+05
9.864600932271949887e+02 3.839237096064591296e-03 9.757726783157782968e-05 3.107940000000000000e+05
9.927432785343745536e+02 3.822480227494336798e-03 9.663168942752875523e-05 3.130820000000000000e+05
9.990264638415542322e+02 3.792970489515195848e-03 9.557975489746239894e-05 3.160460000000000000e+05
1.005309649148733797e+03 3.736780176528999627e-03 9.480642754519652549e-05 3.222180000000000000e+05
1.011592834455913362e+03 3.696963024108967152e-03 9.445850932418564661e-05 3.285620000000000000e+05
1.017876019763092927e+03 3.710074169041178028e-03 9.346382807182140873e-05 3.279900000000000000e+05
1.024159205070272492e+03 3.654307492071380906e-03 9.295452098923018269e-05 3.352820000000000000e+05
1.030442390377452057e+03 3.644658304308093320e-03 9.176984980494018451e-05 3.359700000000000000e+05
1.036725575684631622e+03 3.597826751909409017e-03 9.165254228471475528e-05 3.440660000000000000e+05
1.043008760991811187e+03 3.602715499163634729e-03 9.058295146274764065e-05 3.437180000000000000e+05
1.049291946298990979e+03 3.559157447901127071e-03 9.042062731129396624e-05 3.514980000000000000e+05
1.055575131606170544e+03 3.547587351698312449e-03 8.980690224733023364e-05 3.544580000000000000e+05
1.061858316913350109e+03 3.531903602957609488e-03 8.937888617366329669e-05 3.585660000000000000e+05
1.068141502220529674e+03 3.493202601789416849e-03 8.920355398200907615e-05 3.661220000000000000e+05
1.074424687527709239e+03 3.485151078520172703e-03 8.788512222937527874e-05 3.658100000000000000e+05
1.080707872834888803e+03 3.443421325967808630e-03 8.718968056872777872e-05 3.716220000000000000e+05
1.086991058142068368e+03 3.419708035516245363e-03 8.659621219578306217e-05 3.759860000000000000e+05
1.093274243449247933e+03 3.393289184016606494e-03 8.633946790334579013e-05 3.821700000000000000e+05
1.099557428756427498e+03 3.406631239033253069e-03 8.561223302983034245e-05 3.818180000000000000e+05
1.105840614063607063e+03 3.365660688677144310e-03 8.532285093948432930e-05 3.895740000000000000e+05
1.112123799370786628e+03 3.337819429382619853e-03 8.454927996981442817e-05 3.936980000000000000e+05
1.118406984677966420e+03 3.311917714207442045e-03 8.416684655462858267e-05 3.994580000000000000e+05
1.124690169985145985e+03 3.305553625106379990e-03 8.364391758738931593e-05 4.022220000000000000e+05
1.130973355292325550e+03 3.282562636337910903e-03 8.310163744612575343e-05 4.069220000000000000e+05
1.137256540599505115e+03 3.257620168831972841e-03 8.274801185553792848e-05 4.128420000000000000e+05
1.143539725906684680e+03 3.247915633408757826e-03 8.209229465241940638e-05 4.153460000000000000e+05
1.149822911213864245e+03 3.233591939498529390e-03 8.197534175430343240e-05 4.211820000000000000e+05
1.156106096521043810e+03 3.227018675883391689e-03 8.165890563849309558e-05 4.250180000000000000e+05
1.162389281828223375e+03 3.194131960422359490e-03 8.110658197046927143e-05 4.311380000000000000e+05
1.168672467135402940e+03 3.177037712043370623e-03 8.040789658517177863e-05 4.343820000000000000e+05
1.174955652442582505e+03 3.158239535873320729e-03 8.001381273201046973e-05 4.395140000000000000e+05
1.181238837749762297e+03 3.137843878990969389e-03 7.958849112701948947e-05 4.447380000000000000e+05
1.187522023056941862e+03 3.125436130322441740e-03 7.917292667158903896e-05 4.489100000000000000e+05
1.193805208364121427e+03 3.128931067425824632e-03 7.872772983869014141e-05 4.506180000000000000e+05
1.200088393671300992e+03 3.100066272711034156e-03 7.871748201015993374e-05 4.595540000000000000e+05
1.206371578978480557e+03 3.083649554637772280e-03 7.808603405581870938e-05 4.631060000000000000e+05
1.212654764285660121e+03 3.071955868386975087e-03 7.764885252822817385e-05 4.670940000000000000e+05
1.218937949592839686e+03 3.047646528469835810e-03 7.752262211310756435e-05 4.749380000000000000e+05
1.225221134900019251e+03 3.049678098019516226e-03 7.714412738388243262e-05 4.771860000000000000e+05
1.231504320207198816e+03 3.030123860140874776e-03 7.705924975659472764e-05 4.846700000000000000e+05
1.237787505514378381e+03 3.031137902927020199e-03 7.667283488152487614e-05 4.870100000000000000e+05
1.244070690821557946e+03 3.013657768815046229e-03 7.643942151425164866e-05 4.933140000000000000e+05
1.250353876128737738e+03 3.005084013034911138e-03 7.591793571840033117e-05 4.963220000000000000e+05
1.256637061435917303e+03 2.987924261575096527e-03 7.554153839847699281e-05 5.017020000000000000e+05
1.262920246743096868e+03 2.968465953790410793e-03 7.532068534449321007e-05 5.085620000000000000e+05
1.269203432050276433e+03 2.957548256452186691e-03 7.513236228531838812e-05 5.142420000000000000e+05
1.275486617357455998e+03 2.955837162612232494e-03 7.462794647983272966e-05 5.161580000000000000e+05
1.281769802664635563e+03 2.942279898833888730e-03 7.447750453246082536e-05 5.226020000000000000e+05
1.288052987971815128e+03 2.927455647188113678e-03 7.451225673701933339e-05 5.306580000000000000e+05
1.294336173278994693e+03 2.944493405836322731e-03 7.413389671123704616e-05 5.300420000000000000e+05
1.300619358586174258e+03 2.920853333936334045e-03 7.404400681132461415e-05 5.388780000000000000e+05
1.306902543893353823e+03 2.908724014787898889e-03 7.374098200166323558e-05 5.441300000000000000e+05
1.313185729200533615e+03 2.900494777446758869e-03 7.376410105913722148e-05 5.511060000000000000e+05
1.319468914507713180e+03 2.906143104651586796e-03 7.358756962216883579e-05 5.539820000000000000e+05
1.325752099814892745e+03 2.906382526620200895e-03 7.345828258584208292e-05 5.582420000000000000e+05
1.332035285122072310e+03 2.892741832310311706e-03 7.324326369143041582e-05 5.645460000000000000e+05
1.338318470429251875e+03 2.878440355176782855e-03 7.295910677565520253e-05 5.704940000000000000e+05
1.344601655736431439e+03 2.861676002088301817e-03 7.264737949666533190e-05 5.767620000000000000e+05
1.350884841043611004e+03 2.865818886519334082e-03 7.226131231341526018e-05 5.782340000000000000e+05
1.357168026350790569e+03 2.853631176604739649e-03 7.220557827813944840e-05 5.856660000000000000e+05
1.363451211657970134e+03 2.842100554272925916e-03 7.232072645449449944e-05 5.944460000000000000e+05
1.369734396965149699e+03 2.854296051187369971e-03 7.206357991015877040e-05 5.952500000000000000e+05
1.376017582272329264e+03 2.847271868923734791e-03 7.220675901434270294e-05 6.034020000000000000e+05
1.382300767579509056e+03 2.846659062456628059e-03 7.200827557818367808e-05 6.073820000000000000e+05
1.388583952886688621e+03 2.821865829576743895e-03 7.185788249955415985e-05 6.170100000000000000e+05
1.394867138193868186e+03 2.825409527377900545e-03 7.127459037076233628e-05 6.167780000000000000e+05
1.401150323501047751e+03 2.820160724392732372e-03 7.141641037922141777e-05 6.247460000000000000e+05
1.407433508808227316e+03 2.827233258623504733e-03 7.133431931941047743e-05 6.280620000000000000e+05
1.413716694115406881e+03 2.809208514040977857e-03 7.152020706047146348e-05 6.394100000000000000e+05
1.419999879422586446e+03 2.811095616884560795e-03 7.132947729313054985e-05 6.429540000000000000e+05
1.426283064729766011e+03 2.813280653385795155e-03 7.108971658117968495e-05 6.459740000000000000e+05
1.432566250036945576e+03 2.802036085034571768e-03 7.100245664959370373e-05 6.534900000000000000e+05
1.438849435344125141e+03 2.796382402223642448e-03 7.102161401295603582e-05 6.607460000000000000e+05
1.445132620651304705e+03 2.799375695133420223e-03 7.089674726620809331e-05 6.646460000000000000e+05
1.451415805958484498e+03 2.806570034174657880e-03 7.074519369179577133e-05 6.672900000000000000e+05
1.457698991265664063e+03 2.791682333375670143e-03 7.099241467489747492e-05 6.790340000000000000e+05
1.463982176572843628e+03 2.793192777236069239e-03 7.080490840755127024e-05 6.827220000000000000e+05
1.470265361880023192e+03 2.782204143891001472e-03 7.079706969562171714e-05 6.912380000000000000e+05
1.476548547187202757e+03 2.800197387524342840e-03 7.038037889733894659e-05 6.886020000000000000e+05
1.482831732494382322e+03 2.782086977731910646e-03 7.056466793062265985e-05 7.008260000000000000e+05
1.489114917801561887e+03 2.789099042749538463e-03 7.063084062453039991e-05 7.056620000000000000e+05
1.495398103108741452e+03 2.794164782466573328e-03 7.060525135374473571e-05 7.100820000000000000e+05
1.501681288415921017e+03 2.780974034384888025e-03 7.057619864664355092e-05 7.191620000000000000e+05
1.507964473723100582e+03 2.786200279070478059e-03 7.042190964470784742e-05 7.222500000000000000e+05
1.514247659030280147e+03 2.776245769889157302e-03 7.048139502593975259e-05 7.315100000000000000e+05
1.520530844337459939e+03 2.776308839427637978e-03 7.037298809256520293e-05 7.364420000000000000e+05
1.526814029644639504e+03 2.787276896305208862e-03 7.049468746536668995e-05 7.408980000000000000e+05
1.533097214951819069e+03 2.786683290166836174e-03 7.077682965531129078e-05 7.501580000000000000e+05
1.539380400258998634e+03 2.793905489300772815e-03 7.082389481141704302e-05 7.548660000000000000e+05
1.545663585566178199e+03 2.796934492435580646e-03 7.088067183985691244e-05 7.608260000000000000e+05
1.551946770873357764e+03 2.799445238521759867e-03 7.066773219815969398e-05 7.640340000000000000e+05
1.558229956180537329e+03 2.789381483654851043e-03 7.074398067047349414e-05 7.738460000000000000e+05
1.564513141487716894e+03 2.793755517830210765e-03 7.081992059534969464e-05 7.797140000000000000e+05
1.570796326794896459e+03 2.798379805471315658e-03 7.078594058160248004e-05 7.843140000000000000e+05
1.577079512102076023e+03 2.800910748719207932e-03 7.091636110453936048e-05 7.913420000000000000e+05
1.583362697409255816e+03 2.801912371964153207e-03 7.110162383178186829e-05 7.994580000000000000e+05
1.589645882716435381e+03 2.808433194164121783e-03 7.119161308627441898e-05 8.049620000000000000e+05
1.595929068023614946e+03 2.814986082627982805e-03 7.120047569086906947e-05 8.095500000000000000e+05
1.602212253330794510e+03 2.820733601608579107e-03 7.112908877426882270e-05 8.134580000000000000e+05
1.608495438637974075e+03 2.030147162054243663e-03 5.151547731177541500e-05 8.250110000000000000e+05
